%YAML:1.0
---
pol: !!opencv-matrix
   rows: 4
   cols: 1
   dt: d
   data: [ 2.5476439269542413e-12, 1.9107329452171455e-09,
       -5.3285365975021363e-03, 1.7133228840125409e+02 ]
