%YAML:1.0
---
K: !!opencv-matrix
   rows: 3
   cols: 3
   dt: d
   data: [ 9.3577920757263394e+02, 0., 2.8735698512187690e+02, 0.,
       9.5223857418512262e+02, 3.0385097468425488e+02, 0., 0., 1. ]
D: !!opencv-matrix
   rows: 1
   cols: 5
   dt: d
   data: [ 3.4810349843807158e+00, -6.1539912999642929e+01,
       7.4297306849814393e-02, -3.7925348573489011e-02,
       4.2953464888352556e+02 ]
